2
1 1 1
1 1 0 1
1 1 0 0 1
1 0 1 0 0 1
1 1 0 0 0 0 1
1 0 0 0 0 0 1 1
1 1 1 0 0 0 0 1 1
1 0 0 0 1 0 0 0 0 1
1 0 0 1 0 0 0 0 0 0 1
1 0 1 0 0 0 0 0 0 0 0 1
1 1 1 0 0 0 0 0 1 0 0 0 1
1 1 1 0 0 1 0 0 0 0 0 0 0 1
1 1 1 0 0 0 0 0 0 0 0 0 1 0 1
1 1 0 0 0 0 0 0 0 0 0 0 0 0 0 1
1 1 0 1 0 0 0 0 0 0 0 0 1 0 0 0 1
1 0 0 1 0 0 0 0 0 0 0 0 0 0 0 0 0 1
1 0 0 0 0 0 0 1 0 0 0 0 0 0 0 0 0 0 1
1 1 1 0 0 1 0 0 0 0 0 0 0 0 0 0 0 0 0 1
1 0 0 1 0 0 0 0 0 0 0 0 0 0 0 0 0 0 0 0 1
1 0 1 0 0 0 0 0 0 0 0 0 0 0 0 0 0 0 0 0 0 1
1 1 0 0 0 0 0 0 0 0 0 0 0 0 0 0 0 0 0 0 0 0 1
1 0 0 0 0 1 0 0 0 0 0 0 0 0 0 0 0 0 0 0 0 0 0 1
1 1 1 0 0 0 0 1 0 0 0 0 0 0 0 0 0 0 0 0 0 0 0 0 1
1 0 0 1 0 0 0 0 0 0 0 0 0 0 0 0 0 0 0 0 0 0 0 0 0 1
1 1 1 0 0 0 1 0 0 0 0 0 0 0 0 0 0 0 0 0 0 0 0 0 0 0 1
1 1 1 0 0 1 0 0 0 0 0 0 0 0 0 0 0 0 0 0 0 0 0 0 0 0 0 1
1 0 0 1 0 0 0 0 0 0 0 0 0 0 0 0 0 0 0 0 0 0 0 0 0 0 0 0 1
1 0 1 0 0 0 0 0 0 0 0 0 0 0 0 0 0 0 0 0 0 0 0 0 0 0 0 0 0 1
3
1 1 2 
1 2 0 1
1 1 0 0 2
1 1 0 1 0 1
1 1 0 0 0 0 2
1 1 0 1 0 0 0 1
1 0 0 1 0 0 0 0 2
1 0 1 0 1 0 0 0 0 1
1 1 0 1 0 0 0 0 0 0 2
1 1 0 0 0 0 0 1 0 0 0 1
1 1 0 0 0 1 0 0 0 0 0 0 2
1 1 0 0 0 0 0 1 0 0 0 0 0 1
1 1 0 0 0 0 0 0 0 0 0 0 0 0 2
1 1 0 0 0 0 0 0 0 0 0 1 0 0 0 1
1 0 0 0 0 0 0 1 0 0 0 0 0 0 0 0 2
1 1 0 0 0 0 0 0 0 1 0 0 0 0 0 0 0 1
1 1 0 0 0 0 0 0 0 0 0 0 0 1 0 0 0 0 2
5
1 1 2
1 1 0 2
1 1 0 1 3
1 0 0 1 0 2
1 1 0 0 0 0 2
1 1 0 0 0 0 0 2
1 0 0 1 0 1 0 0 3
1 0 1 1 0 0 0 0 0 3
1 1 0 1 0 0 0 0 0 0 3
1 1 0 0 0 0 0 0 0 0 0 2
1 0 0 0 0 1 0 0 1 0 0 0 3
7
1 1 3
1 1 1 2
1 1 1 0 3
1 1 0 0 0 4
1 1 1 0 0 0 3
1 0 1 0 0 0 0 4
1 1 0 0 0 0 0 0 3
1 1 0 0 0 0 1 0 0 2
1 1 1 0 0 0 0 0 0 0 3
11
1 1 7
1 1 0 5
1 0 0 1 2
1 0 1 1 0 9
1 1 0 0 0 1 7
1 1 0 0 0 0 0 5
1 0 0 0 1 0 0 1 2
13
1 1 2
1 1 0 7
1 1 0 1 2
1 0 1 0 1 11
1 1 0 1 0 0 6
1 0 0 1 0 0 0 6
1 0 1 1 0 0 0 0 2
17
1 1 3
1 0 1 14
1 1 0 0 5
1 1 0 0 0 14
1 1 0 0 0 0 3
1 0 0 0 1 0 0 14
19
1 1 2
1 1 0 16
1 1 0 0 2
1 0 0 0 1 16
1 0 0 0 0 1 3
1 0 1 0 0 0 0 9
23
1 1 7
1 1 0 16
1 0 0 1 11
1 1 0 0 0 18
1 1 0 0 0 0 7
29
1 1 3
1 0 1 18
1 1 0 0 2
1 0 1 0 0 26
1 0 0 0 0 1 3
31
1 1 12
1 0 1 28
1 1 0 0 13
1 0 1 0 0 20
1 1 0 0 0 0 12
37
1 1 5
1 1 0 24
1 0 0 1 2
1 0 0 0 1 32
41
1 1 12
1 0 1 35
1 0 0 1 17
1 1 0 0 0 35
43
1 1 3
1 0 1 40
1 0 0 1 20
1 1 0 0 0 40
47
1 1 13
1 1 0 42
1 1 0 0 5
1 0 0 0 1 42
